.1	2
/2	2.07	3
.2	2
/1 	2.07	3
/3 	1.94	3
.3	2
/2	1.94	3
/4	2.05	3
.4	2
/3	2.05	3
/5	0.88	2
.5	2
/4	0.88	2
/6	1.45	2
.6	2
/5	1.45	2
/8	1.63	3
.7	6
/8 	1.03	3
.8	0
/6 	1.63	3
/7 	1.03	3
/9 	0.77	2
.9	2
/8	0.77	2
/10	0.86	2
.10	2
/9	0.86	2
/11	1.24	2
.11	2
/10	1.24	2
/12	0.61	2
.12	2
/11	0.61	2
/13	0.89	2
.13	2
/12	0.89	2
/14	0.98	2
.14	2
/13	0.98	2
/15	1.2	2
.15	2
/14	1.2	2
/16	1.52	2
.16	2
/15	1.52	2
/17	1.02	2
.17	0
/16 	1.02	2
/18	0.56	1
/93	0.66	2
/94	0.69	2
.18 	2
/17	0.56	1
/19	0.55	1
.19	0
/18	0.55	1
/20	0.63	2
/33	1.32	2
/34	1.21	2
.20 	0
/19	0.63	2
/21	0.62	2
/35	1.44	3
/57	0.68	2
.21 	2
/20	0.63	2
/22	0.95	2
.22	0
/21	0.95	2
/23	1.2	3
/36	0.83	2
/37	1.17	2
.23 	0
/22	1.2	3
/24	0.66	2
/37	1.25	4
/58	1.18	2
.24	2
/23	0.66	2
/25	0.8	2
.25	0
/24	0.8	2
/26	0.8	2
/59	0.9	2
/75	0.76	2
.26	2
/25	0.8	2
/27	1.09	2
.27	2
/26	1.09	2
/28	0.86	2
.28	2
/27	0.86	2
.29	3
/30	1.34	3
.30	3
/29	1.34	3
/31	1.06	2
.31	2
/30	1.06	2
/32	1.02	2
.32	0
/31	1.02	2
/33	1.08	2
/59	1.15	2
/76	1.05	2
.33	0
/32	1.08	2
/19	1.32	2
/92	0.83	2
/58	1.15	2
.34	3
/19	1.21	2
/35	0.84	2
.35	0
/34	0.84	2
/36	0.76	2
/20	1.44	3
/56	1.27	2
.36	3
/35	0.76	2
/22	0.83	2
.37	0
/22	1.17	2
/23	1.25	4
/38	0.64	2
/91	2.16	4
.38	3
/37	0.64	2
/39	0.9	2
.39	3
/38	0.9	2
/40	1.56	2
.40	3
/39	1.56	2
/41	1.07	2
.41	3
/40	1.07	2
/42	1.15	2
.42	3
/41	1.15	2
/43	0.85	2
.43	0
/42	0.85	2
/44	2.5	4
/45	0.9	2
.44	7
/43	2.5	4
.45	3
/43	0.9	2
/46	1.12	2
.46	3
/45	1.12	2
.47	5
/48	1.95	3
.48	5
/47	1.95	3
/49	1.13	2
.49	5
/48	1.13	2
/50	1.47	2
.50	5
/49	1.47	2
/51	0.91	3
.51	5
/50	0.91	3
/52	1.32	2
.52	5
/51	1.32	2
/53	0.66	2
.53	5
/52	0.66	2
/54	1.28	2
.54	5
/53	1.28	2
/55	0.87	2
.55	5
/54	0.87	2
/56	3.08	4
.56	5
/35	1.27	2
/55	3.08	4
.57	5
/20	0.68	2
/58	0.95	2
.58	0
/23	1.18	2
/33	1.15	2
/57	0.95	2
/59	1.13	2
.59	0
/25	0.9	2
/32	1.15	2
/58	1.13	2
/60	0.67	2
.60	5
/59	0.67	2
/61	0.72	2
.61	5
/60	0.72	2
/62	0.85	2
.62	5
/61	0.85	2
/63	1.14	2
.63	5
/62	1.14	2
/64	0.82	2
.64	5
/63	0.82	2
/65	1.31	2
.65	5
/64	1.31	2
/66	1.19	2
.66	5
/65	1.19	2
/67	1.13	2
.67	0
/66	1.13	2
/87	0.6	2
.68	1
/69	0.81	2
.69	1
/68	0.81	2
/70	0.59	1
.70	1
/69	0.59	1
/71	1.2	2
.71	1
/70	1.2	2
/72	0.75	2
.72	1
/71	0.75	2
/73	1.55	3
.73	1
/72	1.55	3
/74	0.8	2
.74	1
/73	0.8	2
/75	1.13	3
.75	1
/25	0.76	2
/74	1.13	3
.76	1
/32	1.05	2
/77	1.48	3
.77	1
/76	1.48	3
/78	2.58	3
.78	1
/77	2.58	3
/79	1.33	2
.79	1
/78	1.33	2
/80	1.29	2
.80	1
/79	1.29	2
/81	0.83	2
.81	1
/80	0.83	2
/82	1.01	2
.82	1
/81	1.01	2
/83	1.13	2
.83	1
/82	1.13	2
/84	0.87	2
.84	1
/83	0.87	2
/85	1.63	3
.85	1
/84	1.63	3
/86	0.89	2
.86	1
/85	0.89	2
/87	1.01	2
.87	1
/67	0.6	2
/86	1.01	2
.88	4
/89	0.7	2
.89	4
/88	0.7	2
/90	1.15	2
.90	4
/89	1.15	2
/91	1.3	2
.91	4
/37	2.16	4
/90	1.3	2
.92	4
/33	0.83	2
/93	0.93	2
.93	4
/17	0.66	2
/92	0.93	2
.94	4
/17	0.69	2
/95	1.34	2
/104	1.88	3
.95	4
/94	1.34	2
/96	1.01	2
.96	4
/95	1.01	2
/97	0.9	2
.97	4
/96	0.9	2
/98	1.68	3
.98	4
/97	1.68	3
/99	1.29	2
.99	4
/98	1.29	2
/100	1.01	2
.100	4
/99	1.01	2
/101	1.83	3
.101	4
/100	1.83	3
/102	1.25	2
.102	4
/101	1.25	2
/103	1.3	3
.103	4
/102	1.3	3
.104	4
/94	1.88	3
/105	1.2	2
.105	4
/104	1.2	2
/106	1.01	2
.106	4
/105	1.01	2
/107	1.1	2
.107	4
/106	1.1	2
/108	0.95	2
.108	4
/107	0.95	2